00100000000001010000000000000101
00000000000000000010000000100000
00000000100000000100000000100000
00000000000001010100100000100000
10101101000010010000000000000000
00100001000010000000000000000100
00100001001010011111111111111111
00010101001000001111111111111100
00000000101000001001000000100000
00000000000000001000100000100000
00000010001100100100000000101010
00010001000000000000000000010110
00100010001100001111111111111111
00000010000000000100000000101010
00010101000000000000000000001010
00000000000100000100000010000000
00000000100010000100100000100000
10001101001010100000000000000000
10001101001010110000000000000100
00000001011010100100000000101010
00010001000000000000000000000100
00000010000000000010100000100000
00001100000000000000000000011011
00100010000100001111111111111111
00001000000000000000000000001101
00100010001100010000000000000001
00001000000000000000000000001010
00000000000001010100000010000000
00000000100010000100100000100000
10001101001010100000000000000000
10001101001010110000000000000100
10101101001010110000000000000000
10101101001010100000000000000100
00000011111000000000000000001000
00000000000000000000000000000000